2015-11-01 7 121	41315
2015-11-01 7 123	13417
2015-11-01 7 125	24788
2015-11-01 7 127	25744
2015-11-01 7 129	15944
2015-11-01 7 131	18443
2015-11-01 7 133	24603
2015-11-01 7 135	68931
2015-11-01 7 137	96821
2015-11-01 7 139	26147
2015-11-01 7 141	42065
2015-11-01 7 143	23477
2015-11-01 7 145	18426
2015-11-01 7 147	16711
2015-11-01 7 149	16012
2015-11-01 7 151	11164
2015-11-01 7 153	19881
2015-11-01 7 155	52803
2015-11-01 7 157	626
2015-11-01 7 159	78495
2015-11-02 1 121	26590
2015-11-02 1 123	10976
2015-11-02 1 125	21041
2015-11-02 1 127	20305
2015-11-02 1 129	14783
2015-11-02 1 131	16888
2015-11-02 1 133	21763
2015-11-02 1 135	43606
2015-11-02 1 137	47675
2015-11-02 1 139	20181
2015-11-02 1 141	34998
2015-11-02 1 143	22352
2015-11-02 1 145	21042
2015-11-02 1 147	24971
2015-11-02 1 149	16712
2015-11-02 1 151	16470
2015-11-02 1 153	18924
2015-11-02 1 155	36620
2015-11-02 1 157	699
2015-11-02 1 159	29030
2015-11-03 2 121	23962
2015-11-03 2 123	10025
2015-11-03 2 125	20055
2015-11-03 2 127	20028
2015-11-03 2 129	14550
2015-11-03 2 131	15856
2015-11-03 2 133	20653
2015-11-03 2 135	39107
2015-11-03 2 137	44862
2015-11-03 2 139	19756
2015-11-03 2 141	33668
2015-11-03 2 143	21770
2015-11-03 2 145	20360
2015-11-03 2 147	24371
2015-11-03 2 149	15822
2015-11-03 2 151	16193
2015-11-03 2 153	18057
2015-11-03 2 155	33290
2015-11-03 2 157	662
2015-11-03 2 159	27642
2015-11-04 3 121	23638
2015-11-04 3 123	10147
2015-11-04 3 125	20099
2015-11-04 3 127	19293
2015-11-04 3 129	14161
2015-11-04 3 131	16371
2015-11-04 3 133	20555
2015-11-04 3 135	37631
2015-11-04 3 137	42977
2015-11-04 3 139	19808
2015-11-04 3 141	34477
2015-11-04 3 143	21760
2015-11-04 3 145	20135
2015-11-04 3 147	24813
2015-11-04 3 149	15725
2015-11-04 3 151	15288
2015-11-04 3 153	18124
2015-11-04 3 155	33117
2015-11-04 3 157	1264
2015-11-04 3 159	26439
2015-11-05 4 121	23120
2015-11-05 4 123	10116
2015-11-05 4 125	20053
2015-11-05 4 127	19716
2015-11-05 4 129	13709
2015-11-05 4 131	15724
2015-11-05 4 133	20300
2015-11-05 4 135	39932
2015-11-05 4 137	40561
2015-11-05 4 139	19033
2015-11-05 4 141	32597
2015-11-05 4 143	21371
2015-11-05 4 145	19301
2015-11-05 4 147	30611
2015-11-05 4 149	15631
2015-11-05 4 151	15476
2015-11-05 4 153	16911
2015-11-05 4 155	33033
2015-11-05 4 157	639
2015-11-05 4 159	25800
2015-11-06 5 121	28505
2015-11-06 5 123	12594
2015-11-06 5 125	25568
2015-11-06 5 127	24037
2015-11-06 5 129	16683
2015-11-06 5 131	19264
2015-11-06 5 133	23790
2015-11-06 5 135	60589
2015-11-06 5 137	53353
2015-11-06 5 139	23544
2015-11-06 5 141	42266
2015-11-06 5 143	25947
2015-11-06 5 145	24163
2015-11-06 5 147	33378
2015-11-06 5 149	18313
2015-11-06 5 151	17689
2015-11-06 5 153	18557
2015-11-06 5 155	44546
2015-11-06 5 157	686
2015-11-06 5 159	40430
2015-11-07 6 121	43243
2015-11-07 6 123	15487
2015-11-07 6 125	30295
2015-11-07 6 127	30159
2015-11-07 6 129	19090
2015-11-07 6 131	20884
2015-11-07 6 133	28943
2015-11-07 6 135	64204
2015-11-07 6 137	92436
2015-11-07 6 139	34710
2015-11-07 6 141	45979
2015-11-07 6 143	29280
2015-11-07 6 145	23385
2015-11-07 6 147	38683
2015-11-07 6 149	19077
2015-11-07 6 151	13796
2015-11-07 6 153	22627
2015-11-07 6 155	45737
2015-11-07 6 157	723
2015-11-07 6 159	70630
2015-11-08 7 121	38779
2015-11-08 7 123	12983
2015-11-08 7 125	23531
2015-11-08 7 127	24240
2015-11-08 7 129	15306
2015-11-08 7 131	16865
2015-11-08 7 133	22697
2015-11-08 7 135	61632
2015-11-08 7 137	90622
2015-11-08 7 139	26353
2015-11-08 7 141	38545
2015-11-08 7 143	23471
2015-11-08 7 145	18557
2015-11-08 7 147	31688
2015-11-08 7 149	15697
2015-11-08 7 151	10883
2015-11-08 7 153	20207
2015-11-08 7 155	46426
2015-11-08 7 157	542
2015-11-08 7 159	61016
2015-11-09 1 121	26474
2015-11-09 1 123	11139
2015-11-09 1 125	21731
2015-11-09 1 127	20903
2015-11-09 1 129	14999
2015-11-09 1 131	16950
2015-11-09 1 133	21888
2015-11-09 1 135	43145
2015-11-09 1 137	47043
2015-11-09 1 139	21402
2015-11-09 1 141	36356
2015-11-09 1 143	23835
2015-11-09 1 145	21753
2015-11-09 1 147	28898
2015-11-09 1 149	17142
2015-11-09 1 151	16581
2015-11-09 1 153	18830
2015-11-09 1 155	34954
2015-11-09 1 157	597
2015-11-09 1 159	29103
2015-11-10 2 121	23476
2015-11-10 2 123	10468
2015-11-10 2 125	20587
2015-11-10 2 127	20437
2015-11-10 2 129	14549
2015-11-10 2 131	16562
2015-11-10 2 133	20746
2015-11-10 2 135	39650
2015-11-10 2 137	45958
2015-11-10 2 139	21191
2015-11-10 2 141	34549
2015-11-10 2 143	23575
2015-11-10 2 145	22285
2015-11-10 2 147	24203
2015-11-10 2 149	16769
2015-11-10 2 151	16090
2015-11-10 2 153	18024
2015-11-10 2 155	32703
2015-11-10 2 157	479
2015-11-10 2 159	27604
2015-11-11 3 121	24029
2015-11-11 3 123	10717
2015-11-11 3 125	21184
2015-11-11 3 127	20885
2015-11-11 3 129	14822
2015-11-11 3 131	17080
2015-11-11 3 133	20874
2015-11-11 3 135	39400
2015-11-11 3 137	53065
2015-11-11 3 139	23533
2015-11-11 3 141	35884
2015-11-11 3 143	23716
2015-11-11 3 145	21938
2015-11-11 3 147	24643
2015-11-11 3 149	17127
2015-11-11 3 151	16489
2015-11-11 3 153	18655
2015-11-11 3 155	33392
2015-11-11 3 157	534
2015-11-11 3 159	29510
2015-11-12 4 121	22077
2015-11-12 4 123	10091
2015-11-12 4 125	20029
2015-11-12 4 127	19964
2015-11-12 4 129	13809
2015-11-12 4 131	16452
2015-11-12 4 133	19431
2015-11-12 4 135	38383
2015-11-12 4 137	41751
2015-11-12 4 139	20363
2015-11-12 4 141	33750
2015-11-12 4 143	22080
2015-11-12 4 145	20377
2015-11-12 4 147	25007
2015-11-12 4 149	16171
2015-11-12 4 151	16016
2015-11-12 4 153	17518
2015-11-12 4 155	32812
2015-11-12 4 157	646
2015-11-12 4 159	27274
2015-11-13 5 121	30502
2015-11-13 5 123	13048
2015-11-13 5 125	26277
2015-11-13 5 127	24957
2015-11-13 5 129	16863
2015-11-13 5 131	20719
2015-11-13 5 133	25128
2015-11-13 5 135	63658
2015-11-13 5 137	56720
2015-11-13 5 139	30135
2015-11-13 5 141	43080
2015-11-13 5 143	27070
2015-11-13 5 145	25174
2015-11-13 5 147	32614
2015-11-13 5 149	20093
2015-11-13 5 151	18741
2015-11-13 5 153	20904
2015-11-13 5 155	48420
2015-11-13 5 157	623
2015-11-13 5 159	50187
2015-11-14 6 121	33632
2015-11-14 6 123	12088
2015-11-14 6 125	24226
2015-11-14 6 127	25341
2015-11-14 6 129	15702
2015-11-14 6 131	18077
2015-11-14 6 133	24382
2015-11-14 6 135	54664
2015-11-14 6 137	89733
2015-11-14 6 139	38581
2015-11-14 6 141	40996
2015-11-14 6 143	25529
2015-11-14 6 145	20206
2015-11-14 6 147	29620
2015-11-14 6 149	17225
2015-11-14 6 151	12149
2015-11-14 6 153	19859
2015-11-14 6 155	39502
2015-11-14 6 157	540
2015-11-14 6 159	61687
2015-11-15 7 121	35795
2015-11-15 7 123	12120
2015-11-15 7 125	22729
2015-11-15 7 127	22476
2015-11-15 7 129	14045
2015-11-15 7 131	16259
2015-11-15 7 133	21371
2015-11-15 7 135	64422
2015-11-15 7 137	75404
2015-11-15 7 139	24203
2015-11-15 7 141	35951
2015-11-15 7 143	22002
2015-11-15 7 145	18044
2015-11-15 7 147	19554
2015-11-15 7 149	14634
2015-11-15 7 151	10222
2015-11-15 7 153	18728
2015-11-15 7 155	46577
2015-11-15 7 157	498
2015-11-15 7 159	58382
2015-11-16 1 121	25938
2015-11-16 1 123	11007
2015-11-16 1 125	21689
2015-11-16 1 127	20697
2015-11-16 1 129	15166
2015-11-16 1 131	16959
2015-11-16 1 133	22097
2015-11-16 1 135	43806
2015-11-16 1 137	45883
2015-11-16 1 139	21405
2015-11-16 1 141	36070
2015-11-16 1 143	24036
2015-11-16 1 145	21944
2015-11-16 1 147	26550
2015-11-16 1 149	17261
2015-11-16 1 151	16854
2015-11-16 1 153	19524
2015-11-16 1 155	36019
2015-11-16 1 157	753
2015-11-16 1 159	28097
2015-11-17 2 121	22995
2015-11-17 2 123	10376
2015-11-17 2 125	20770
2015-11-17 2 127	20031
2015-11-17 2 129	14488
2015-11-17 2 131	16292
2015-11-17 2 133	20672
2015-11-17 2 135	38773
2015-11-17 2 137	41608
2015-11-17 2 139	20237
2015-11-17 2 141	33958
2015-11-17 2 143	23009
2015-11-17 2 145	21244
2015-11-17 2 147	24589
2015-11-17 2 149	16478
2015-11-17 2 151	15833
2015-11-17 2 153	18311
2015-11-17 2 155	32696
2015-11-17 2 157	507
2015-11-17 2 159	25163
2015-11-18 3 121	22369
2015-11-18 3 123	10601
2015-11-18 3 125	20774
2015-11-18 3 127	20690
2015-11-18 3 129	14569
2015-11-18 3 131	16545
2015-11-18 3 133	21382
2015-11-18 3 135	38878
2015-11-18 3 137	44903
2015-11-18 3 139	20818
2015-11-18 3 141	35119
2015-11-18 3 143	23530
2015-11-18 3 145	20802
2015-11-18 3 147	26607
2015-11-18 3 149	17031
2015-11-18 3 151	16474
2015-11-18 3 153	18714
2015-11-18 3 155	33778
2015-11-18 3 157	491
2015-11-18 3 159	25532
2015-11-19 4 121	23351
2015-11-19 4 123	10470
2015-11-19 4 125	20864
2015-11-19 4 127	20779
2015-11-19 4 129	14613
2015-11-19 4 131	17872
2015-11-19 4 133	21231
2015-11-19 4 135	41540
2015-11-19 4 137	47246
2015-11-19 4 139	20276
2015-11-19 4 141	35842
2015-11-19 4 143	23447
2015-11-19 4 145	21009
2015-11-19 4 147	26747
2015-11-19 4 149	16835
2015-11-19 4 151	17195
2015-11-19 4 153	18536
2015-11-19 4 155	34970
2015-11-19 4 157	615
2015-11-19 4 159	28244
2015-11-20 5 121	30420
2015-11-20 5 123	13015
2015-11-20 5 125	26182
2015-11-20 5 127	24954
2015-11-20 5 129	16589
2015-11-20 5 131	20406
2015-11-20 5 133	25099
2015-11-20 5 135	63829
2015-11-20 5 137	56368
2015-11-20 5 139	24854
2015-11-20 5 141	43557
2015-11-20 5 143	26754
2015-11-20 5 145	24094
2015-11-20 5 147	33742
2015-11-20 5 149	19884
2015-11-20 5 151	19406
2015-11-20 5 153	20809
2015-11-20 5 155	47962
2015-11-20 5 157	1126
2015-11-20 5 159	48319
2015-11-21 6 121	30339
2015-11-21 6 123	12262
2015-11-21 6 125	24251
2015-11-21 6 127	24215
2015-11-21 6 129	15346
2015-11-21 6 131	16867
2015-11-21 6 133	23227
2015-11-21 6 135	55955
2015-11-21 6 137	82313
2015-11-21 6 139	29153
2015-11-21 6 141	37400
2015-11-21 6 143	25139
2015-11-21 6 145	18807
2015-11-21 6 147	27024
2015-11-21 6 149	16498
2015-11-21 6 151	11756
2015-11-21 6 153	18408
2015-11-21 6 155	38521
2015-11-21 6 157	493
2015-11-21 6 159	56405
2015-11-22 7 121	33633
2015-11-22 7 123	12470
2015-11-22 7 125	22539
2015-11-22 7 127	22839
2015-11-22 7 129	13845
2015-11-22 7 131	15242
2015-11-22 7 133	20637
2015-11-22 7 135	63030
2015-11-22 7 137	73974
2015-11-22 7 139	22677
2015-11-22 7 141	33851
2015-11-22 7 143	21774
2015-11-22 7 145	16852
2015-11-22 7 147	22869
2015-11-22 7 149	13920
2015-11-22 7 151	9976
2015-11-22 7 153	16632
2015-11-22 7 155	44054
2015-11-22 7 157	481
2015-11-22 7 159	55044
2015-11-23 1 121	25294
2015-11-23 1 123	12382
2015-11-23 1 125	23033
2015-11-23 1 127	22852
2015-11-23 1 129	16805
2015-11-23 1 131	18735
2015-11-23 1 133	22833
2015-11-23 1 135	45773
2015-11-23 1 137	44924
2015-11-23 1 139	22222
2015-11-23 1 141	39921
2015-11-23 1 143	25243
2015-11-23 1 145	23389
2015-11-23 1 147	30734
2015-11-23 1 149	17834
2015-11-23 1 151	17456
2015-11-23 1 153	19481
2015-11-23 1 155	35649
2015-11-23 1 157	607
2015-11-23 1 159	26314
2015-11-24 2 121	26566
2015-11-24 2 123	18820
2015-11-24 2 125	33896
2015-11-24 2 127	38275
2015-11-24 2 129	25428
2015-11-24 2 131	29203
2015-11-24 2 133	32827
2015-11-24 2 135	63720
2015-11-24 2 137	62565
2015-11-24 2 139	30293
2015-11-24 2 141	72153
2015-11-24 2 143	43858
2015-11-24 2 145	38496
2015-11-24 2 147	45166
2015-11-24 2 149	29508
2015-11-24 2 151	26427
2015-11-24 2 153	28755
2015-11-24 2 155	52034
2015-11-24 2 157	744
2015-11-24 2 159	27407
2015-11-25 3 121	24535
2015-11-25 3 123	15028
2015-11-25 3 125	29949
2015-11-25 3 127	32650
2015-11-25 3 129	21658
2015-11-25 3 131	24415
2015-11-25 3 133	29456
2015-11-25 3 135	57533
2015-11-25 3 137	60051
2015-11-25 3 139	28989
2015-11-25 3 141	59611
2015-11-25 3 143	37389
2015-11-25 3 145	33023
2015-11-25 3 147	37638
2015-11-25 3 149	25700
2015-11-25 3 151	23551
2015-11-25 3 153	26384
2015-11-25 3 155	48361
2015-11-25 3 157	723
2015-11-25 3 159	27939
2015-11-26 4 121	25396
2015-11-26 4 123	14179
2015-11-26 4 125	27702
2015-11-26 4 127	29298
2015-11-26 4 129	19941
2015-11-26 4 131	21927
2015-11-26 4 133	26721
2015-11-26 4 135	52189
2015-11-26 4 137	56336
2015-11-26 4 139	26201
2015-11-26 4 141	52773
2015-11-26 4 143	33787
2015-11-26 4 145	30545
2015-11-26 4 147	32427
2015-11-26 4 149	22779
2015-11-26 4 151	21647
2015-11-26 4 153	23380
2015-11-26 4 155	44187
2015-11-26 4 157	721
2015-11-26 4 159	30942
2015-11-27 5 121	30903
2015-11-27 5 123	15452
2015-11-27 5 125	29686
2015-11-27 5 127	29508
2015-11-27 5 129	19879
2015-11-27 5 131	24393
2015-11-27 5 133	28738
2015-11-27 5 135	64939
2015-11-27 5 137	56414
2015-11-27 5 139	28971
2015-11-27 5 141	53759
2015-11-27 5 143	34074
2015-11-27 5 145	29563
2015-11-27 5 147	30618
2015-11-27 5 149	23861
2015-11-27 5 151	21986
2015-11-27 5 153	24303
2015-11-27 5 155	54067
2015-11-27 5 157	1085
2015-11-27 5 159	44885
2015-11-28 6 121	30657
2015-11-28 6 123	12880
2015-11-28 6 125	24251
2015-11-28 6 127	23882
2015-11-28 6 129	15554
2015-11-28 6 131	17249
2015-11-28 6 133	23028
2015-11-28 6 135	42167
2015-11-28 6 137	70553
2015-11-28 6 139	29387
2015-11-28 6 141	40739
2015-11-28 6 143	26069
2015-11-28 6 145	22186
2015-11-28 6 147	20676
2015-11-28 6 149	18272
2015-11-28 6 151	13854
2015-11-28 6 153	21035
2015-11-28 6 155	39718
2015-11-28 6 157	2859
2015-11-28 6 159	53404
2015-11-29 7 121	30002
2015-11-29 7 123	12887
2015-11-29 7 125	22708
2015-11-29 7 127	21013
2015-11-29 7 129	13683
2015-11-29 7 131	16142
2015-11-29 7 133	21422
2015-11-29 7 135	43811
2015-11-29 7 137	57343
2015-11-29 7 139	24371
2015-11-29 7 141	35341
2015-11-29 7 143	21790
2015-11-29 7 145	17707
2015-11-29 7 147	17227
2015-11-29 7 149	15718
2015-11-29 7 151	11295
2015-11-29 7 153	18778
2015-11-29 7 155	43049
2015-11-29 7 157	2975
2015-11-29 7 159	49936
2015-11-30 1 121	25948
2015-11-30 1 123	12483
2015-11-30 1 125	22770
2015-11-30 1 127	21429
2015-11-30 1 129	15596
2015-11-30 1 131	17664
2015-11-30 1 133	22763
2015-11-30 1 135	43583
2015-11-30 1 137	43602
2015-11-30 1 139	21275
2015-11-30 1 141	37865
2015-11-30 1 143	24791
2015-11-30 1 145	22240
2015-11-30 1 147	26440
2015-11-30 1 149	18469
2015-11-30 1 151	17658
2015-11-30 1 153	20115
2015-11-30 1 155	38111
2015-11-30 1 157	752
2015-11-30 1 159	26994
