2015-08-01 6 121	22628
2015-08-01 6 123	9056
2015-08-01 6 125	19838
2015-08-01 6 127	17153
2015-08-01 6 129	12472
2015-08-01 6 131	12739
2015-08-01 6 133	17026
2015-08-01 6 135	43142
2015-08-01 6 137	51146
2015-08-01 6 139	20433
2015-08-01 6 141	28605
2015-08-01 6 143	19625
2015-08-01 6 145	15923
2015-08-01 6 147	19918
2015-08-01 6 149	13892
2015-08-01 6 151	9790
2015-08-01 6 153	14807
2015-08-01 6 155	36421
2015-08-01 6 157	539
2015-08-01 6 159	19192
2015-08-02 7 121	23068
2015-08-02 7 123	8626
2015-08-02 7 125	18541
2015-08-02 7 127	16062
2015-08-02 7 129	11330
2015-08-02 7 131	11529
2015-08-02 7 133	15241
2015-08-02 7 135	43571
2015-08-02 7 137	51041
2015-08-02 7 139	18790
2015-08-02 7 141	26892
2015-08-02 7 143	17122
2015-08-02 7 145	14838
2015-08-02 7 147	15297
2015-08-02 7 149	13346
2015-08-02 7 151	8360
2015-08-02 7 153	14368
2015-08-02 7 155	38261
2015-08-02 7 157	530
2015-08-02 7 159	18432
2015-08-03 1 121	21524
2015-08-03 1 123	9641
2015-08-03 1 125	20196
2015-08-03 1 127	18426
2015-08-03 1 129	12960
2015-08-03 1 131	13997
2015-08-03 1 133	19610
2015-08-03 1 135	42231
2015-08-03 1 137	36662
2015-08-03 1 139	19498
2015-08-03 1 141	32055
2015-08-03 1 143	20089
2015-08-03 1 145	19853
2015-08-03 1 147	22303
2015-08-03 1 149	16422
2015-08-03 1 151	14966
2015-08-03 1 153	17161
2015-08-03 1 155	36255
2015-08-03 1 157	450
2015-08-03 1 159	17425
2015-08-04 2 121	21930
2015-08-04 2 123	9804
2015-08-04 2 125	21084
2015-08-04 2 127	19510
2015-08-04 2 129	14100
2015-08-04 2 131	14802
2015-08-04 2 133	20225
2015-08-04 2 135	40586
2015-08-04 2 137	45148
2015-08-04 2 139	20265
2015-08-04 2 141	33800
2015-08-04 2 143	21082
2015-08-04 2 145	19918
2015-08-04 2 147	24464
2015-08-04 2 149	17544
2015-08-04 2 151	15530
2015-08-04 2 153	18259
2015-08-04 2 155	37117
2015-08-04 2 157	546
2015-08-04 2 159	18380
2015-08-05 3 121	21377
2015-08-05 3 123	9527
2015-08-05 3 125	19947
2015-08-05 3 127	18423
2015-08-05 3 129	13219
2015-08-05 3 131	14283
2015-08-05 3 133	19256
2015-08-05 3 135	40208
2015-08-05 3 137	41397
2015-08-05 3 139	20198
2015-08-05 3 141	32542
2015-08-05 3 143	20245
2015-08-05 3 145	19585
2015-08-05 3 147	23881
2015-08-05 3 149	16487
2015-08-05 3 151	14654
2015-08-05 3 153	17061
2015-08-05 3 155	35162
2015-08-05 3 157	466
2015-08-05 3 159	16775
2015-08-06 4 121	21310
2015-08-06 4 123	9627
2015-08-06 4 125	20292
2015-08-06 4 127	18574
2015-08-06 4 129	13389
2015-08-06 4 131	15190
2015-08-06 4 133	19878
2015-08-06 4 135	40304
2015-08-06 4 137	42218
2015-08-06 4 139	19593
2015-08-06 4 141	33795
2015-08-06 4 143	19696
2015-08-06 4 145	19832
2015-08-06 4 147	24034
2015-08-06 4 149	17054
2015-08-06 4 151	15740
2015-08-06 4 153	17397
2015-08-06 4 155	36546
2015-08-06 4 157	500
2015-08-06 4 159	18655
2015-08-07 5 121	22798
2015-08-07 5 123	9756
2015-08-07 5 125	21784
2015-08-07 5 127	19334
2015-08-07 5 129	13876
2015-08-07 5 131	15816
2015-08-07 5 133	20161
2015-08-07 5 135	46561
2015-08-07 5 137	43728
2015-08-07 5 139	21332
2015-08-07 5 141	35535
2015-08-07 5 143	21139
2015-08-07 5 145	21609
2015-08-07 5 147	25507
2015-08-07 5 149	17967
2015-08-07 5 151	15873
2015-08-07 5 153	17663
2015-08-07 5 155	42042
2015-08-07 5 157	488
2015-08-07 5 159	19199
2015-08-08 6 121	23940
2015-08-08 6 123	9318
2015-08-08 6 125	22420
2015-08-08 6 127	17523
2015-08-08 6 129	12836
2015-08-08 6 131	15309
2015-08-08 6 133	17971
2015-08-08 6 135	43886
2015-08-08 6 137	54259
2015-08-08 6 139	24691
2015-08-08 6 141	32575
2015-08-08 6 143	20425
2015-08-08 6 145	17255
2015-08-08 6 147	27675
2015-08-08 6 149	15150
2015-08-08 6 151	11203
2015-08-08 6 153	16024
2015-08-08 6 155	38787
2015-08-08 6 157	487
2015-08-08 6 159	19381
2015-08-09 7 121	24982
2015-08-09 7 123	8904
2015-08-09 7 125	19304
2015-08-09 7 127	16808
2015-08-09 7 129	11919
2015-08-09 7 131	12360
2015-08-09 7 133	16237
2015-08-09 7 135	46997
2015-08-09 7 137	55992
2015-08-09 7 139	18621
2015-08-09 7 141	30345
2015-08-09 7 143	18111
2015-08-09 7 145	16315
2015-08-09 7 147	20722
2015-08-09 7 149	13758
2015-08-09 7 151	8926
2015-08-09 7 153	15621
2015-08-09 7 155	42585
2015-08-09 7 157	551
2015-08-09 7 159	19326
2015-08-10 1 121	22997
2015-08-10 1 123	9978
2015-08-10 1 125	20962
2015-08-10 1 127	19125
2015-08-10 1 129	13984
2015-08-10 1 131	14978
2015-08-10 1 133	21031
2015-08-10 1 135	43309
2015-08-10 1 137	42168
2015-08-10 1 139	20103
2015-08-10 1 141	34376
2015-08-10 1 143	20932
2015-08-10 1 145	20343
2015-08-10 1 147	23835
2015-08-10 1 149	17452
2015-08-10 1 151	15643
2015-08-10 1 153	18024
2015-08-10 1 155	38254
2015-08-10 1 157	644
2015-08-10 1 159	19089
2015-08-11 2 121	21707
2015-08-11 2 123	9690
2015-08-11 2 125	20573
2015-08-11 2 127	18458
2015-08-11 2 129	13505
2015-08-11 2 131	14752
2015-08-11 2 133	20118
2015-08-11 2 135	40843
2015-08-11 2 137	42536
2015-08-11 2 139	19498
2015-08-11 2 141	33273
2015-08-11 2 143	19971
2015-08-11 2 145	19888
2015-08-11 2 147	23735
2015-08-11 2 149	17104
2015-08-11 2 151	15765
2015-08-11 2 153	17599
2015-08-11 2 155	37170
2015-08-11 2 157	524
2015-08-11 2 159	18727
2015-08-12 3 121	21148
2015-08-12 3 123	9498
2015-08-12 3 125	20354
2015-08-12 3 127	18340
2015-08-12 3 129	13384
2015-08-12 3 131	14268
2015-08-12 3 133	19230
2015-08-12 3 135	40600
2015-08-12 3 137	41377
2015-08-12 3 139	20409
2015-08-12 3 141	31618
2015-08-12 3 143	19982
2015-08-12 3 145	19224
2015-08-12 3 147	23036
2015-08-12 3 149	16677
2015-08-12 3 151	15289
2015-08-12 3 153	17234
2015-08-12 3 155	35756
2015-08-12 3 157	469
2015-08-12 3 159	18560
2015-08-13 4 121	20759
2015-08-13 4 123	9551
2015-08-13 4 125	20456
2015-08-13 4 127	18719
2015-08-13 4 129	13419
2015-08-13 4 131	14590
2015-08-13 4 133	19908
2015-08-13 4 135	41040
2015-08-13 4 137	42502
2015-08-13 4 139	19383
2015-08-13 4 141	32137
2015-08-13 4 143	20072
2015-08-13 4 145	19514
2015-08-13 4 147	22812
2015-08-13 4 149	16633
2015-08-13 4 151	15369
2015-08-13 4 153	17431
2015-08-13 4 155	36682
2015-08-13 4 157	481
2015-08-13 4 159	18516
2015-08-14 5 121	22375
2015-08-14 5 123	9849
2015-08-14 5 125	21236
2015-08-14 5 127	18651
2015-08-14 5 129	13215
2015-08-14 5 131	14689
2015-08-14 5 133	19397
2015-08-14 5 135	46983
2015-08-14 5 137	42242
2015-08-14 5 139	19673
2015-08-14 5 141	33962
2015-08-14 5 143	19870
2015-08-14 5 145	20963
2015-08-14 5 147	24883
2015-08-14 5 149	17134
2015-08-14 5 151	15759
2015-08-14 5 153	17540
2015-08-14 5 155	41066
2015-08-14 5 157	447
2015-08-14 5 159	19681
2015-08-15 6 121	24053
2015-08-15 6 123	9350
2015-08-15 6 125	20593
2015-08-15 6 127	17128
2015-08-15 6 129	13221
2015-08-15 6 131	12459
2015-08-15 6 133	17496
2015-08-15 6 135	44913
2015-08-15 6 137	54571
2015-08-15 6 139	21407
2015-08-15 6 141	30317
2015-08-15 6 143	18255
2015-08-15 6 145	17227
2015-08-15 6 147	20894
2015-08-15 6 149	14833
2015-08-15 6 151	10033
2015-08-15 6 153	15886
2015-08-15 6 155	39125
2015-08-15 6 157	542
2015-08-15 6 159	20034
2015-08-16 7 121	25750
2015-08-16 7 123	9377
2015-08-16 7 125	20120
2015-08-16 7 127	16710
2015-08-16 7 129	13286
2015-08-16 7 131	12727
2015-08-16 7 133	16703
2015-08-16 7 135	48731
2015-08-16 7 137	58413
2015-08-16 7 139	19263
2015-08-16 7 141	30462
2015-08-16 7 143	17617
2015-08-16 7 145	17990
2015-08-16 7 147	19279
2015-08-16 7 149	14807
2015-08-16 7 151	9269
2015-08-16 7 153	15733
2015-08-16 7 155	42415
2015-08-16 7 157	459
2015-08-16 7 159	21208
2015-08-17 1 121	23420
2015-08-17 1 123	10035
2015-08-17 1 125	21362
2015-08-17 1 127	18979
2015-08-17 1 129	15586
2015-08-17 1 131	15510
2015-08-17 1 133	20928
2015-08-17 1 135	44722
2015-08-17 1 137	45721
2015-08-17 1 139	20919
2015-08-17 1 141	33877
2015-08-17 1 143	21229
2015-08-17 1 145	21554
2015-08-17 1 147	24332
2015-08-17 1 149	17645
2015-08-17 1 151	16017
2015-08-17 1 153	18307
2015-08-17 1 155	39084
2015-08-17 1 157	554
2015-08-17 1 159	20138
2015-08-18 2 121	22209
2015-08-18 2 123	9618
2015-08-18 2 125	20604
2015-08-18 2 127	18780
2015-08-18 2 129	14039
2015-08-18 2 131	15157
2015-08-18 2 133	19740
2015-08-18 2 135	42612
2015-08-18 2 137	44107
2015-08-18 2 139	20371
2015-08-18 2 141	32704
2015-08-18 2 143	20160
2015-08-18 2 145	21147
2015-08-18 2 147	22809
2015-08-18 2 149	17521
2015-08-18 2 151	15764
2015-08-18 2 153	17670
2015-08-18 2 155	36932
2015-08-18 2 157	511
2015-08-18 2 159	19229
2015-08-19 3 121	23164
2015-08-19 3 123	9866
2015-08-19 3 125	20758
2015-08-19 3 127	18963
2015-08-19 3 129	13834
2015-08-19 3 131	15195
2015-08-19 3 133	19661
2015-08-19 3 135	43866
2015-08-19 3 137	47710
2015-08-19 3 139	21630
2015-08-19 3 141	34275
2015-08-19 3 143	20538
2015-08-19 3 145	21629
2015-08-19 3 147	24316
2015-08-19 3 149	17399
2015-08-19 3 151	16150
2015-08-19 3 153	18503
2015-08-19 3 155	38470
2015-08-19 3 157	610
2015-08-19 3 159	19616
2015-08-20 4 121	27569
2015-08-20 4 123	10332
2015-08-20 4 125	23763
2015-08-20 4 127	21809
2015-08-20 4 129	14793
2015-08-20 4 131	16545
2015-08-20 4 133	21559
2015-08-20 4 135	48807
2015-08-20 4 137	61795
2015-08-20 4 139	25130
2015-08-20 4 141	38650
2015-08-20 4 143	24155
2015-08-20 4 145	24361
2015-08-20 4 147	28372
2015-08-20 4 149	19731
2015-08-20 4 151	16881
2015-08-20 4 153	19900
2015-08-20 4 155	43482
2015-08-20 4 157	629
2015-08-20 4 159	26238
2015-08-21 5 121	25781
2015-08-21 5 123	10875
2015-08-21 5 125	23275
2015-08-21 5 127	20770
2015-08-21 5 129	14772
2015-08-21 5 131	16601
2015-08-21 5 133	21007
2015-08-21 5 135	52127
2015-08-21 5 137	50342
2015-08-21 5 139	22440
2015-08-21 5 141	37611
2015-08-21 5 143	22316
2015-08-21 5 145	23809
2015-08-21 5 147	32579
2015-08-21 5 149	19160
2015-08-21 5 151	17204
2015-08-21 5 153	19572
2015-08-21 5 155	45202
2015-08-21 5 157	650
2015-08-21 5 159	22065
2015-08-22 6 121	25280
2015-08-22 6 123	9599
2015-08-22 6 125	21210
2015-08-22 6 127	17430
2015-08-22 6 129	12514
2015-08-22 6 131	13126
2015-08-22 6 133	17421
2015-08-22 6 135	45766
2015-08-22 6 137	52890
2015-08-22 6 139	22128
2015-08-22 6 141	29422
2015-08-22 6 143	18774
2015-08-22 6 145	17732
2015-08-22 6 147	22707
2015-08-22 6 149	15353
2015-08-22 6 151	10344
2015-08-22 6 153	15350
2015-08-22 6 155	40199
2015-08-22 6 157	429
2015-08-22 6 159	20344
2015-08-23 7 121	27515
2015-08-23 7 123	9355
2015-08-23 7 125	20230
2015-08-23 7 127	17079
2015-08-23 7 129	12086
2015-08-23 7 131	12161
2015-08-23 7 133	15959
2015-08-23 7 135	47433
2015-08-23 7 137	58291
2015-08-23 7 139	18868
2015-08-23 7 141	29824
2015-08-23 7 143	17451
2015-08-23 7 145	16708
2015-08-23 7 147	18085
2015-08-23 7 149	14095
2015-08-23 7 151	9048
2015-08-23 7 153	16616
2015-08-23 7 155	41662
2015-08-23 7 157	482
2015-08-23 7 159	20932
2015-08-24 1 121	23717
2015-08-24 1 123	10383
2015-08-24 1 125	21234
2015-08-24 1 127	19538
2015-08-24 1 129	13688
2015-08-24 1 131	15112
2015-08-24 1 133	20260
2015-08-24 1 135	44446
2015-08-24 1 137	44656
2015-08-24 1 139	20267
2015-08-24 1 141	33719
2015-08-24 1 143	20359
2015-08-24 1 145	21702
2015-08-24 1 147	24477
2015-08-24 1 149	17886
2015-08-24 1 151	15936
2015-08-24 1 153	18098
2015-08-24 1 155	38353
2015-08-24 1 157	584
2015-08-24 1 159	19369
2015-08-25 2 121	22627
2015-08-25 2 123	9299
2015-08-25 2 125	20002
2015-08-25 2 127	18977
2015-08-25 2 129	13301
2015-08-25 2 131	15113
2015-08-25 2 133	19390
2015-08-25 2 135	41747
2015-08-25 2 137	43580
2015-08-25 2 139	19248
2015-08-25 2 141	32647
2015-08-25 2 143	19969
2015-08-25 2 145	20229
2015-08-25 2 147	23988
2015-08-25 2 149	16942
2015-08-25 2 151	15799
2015-08-25 2 153	17564
2015-08-25 2 155	37388
2015-08-25 2 157	690
2015-08-25 2 159	18872
2015-08-26 3 121	22181
2015-08-26 3 123	9387
2015-08-26 3 125	20109
2015-08-26 3 127	19051
2015-08-26 3 129	13340
2015-08-26 3 131	14935
2015-08-26 3 133	19263
2015-08-26 3 135	43389
2015-08-26 3 137	41859
2015-08-26 3 139	19651
2015-08-26 3 141	32530
2015-08-26 3 143	19347
2015-08-26 3 145	20429
2015-08-26 3 147	23322
2015-08-26 3 149	16533
2015-08-26 3 151	15540
2015-08-26 3 153	17081
2015-08-26 3 155	38266
2015-08-26 3 157	545
2015-08-26 3 159	18652
2015-08-27 4 121	21938
2015-08-27 4 123	9416
2015-08-27 4 125	20559
2015-08-27 4 127	18914
2015-08-27 4 129	13463
2015-08-27 4 131	15485
2015-08-27 4 133	19654
2015-08-27 4 135	43664
2015-08-27 4 137	44445
2015-08-27 4 139	19373
2015-08-27 4 141	32516
2015-08-27 4 143	19322
2015-08-27 4 145	20747
2015-08-27 4 147	24430
2015-08-27 4 149	16502
2015-08-27 4 151	15438
2015-08-27 4 153	17966
2015-08-27 4 155	37990
2015-08-27 4 157	546
2015-08-27 4 159	20111
2015-08-28 5 121	24712
2015-08-28 5 123	10027
2015-08-28 5 125	21456
2015-08-28 5 127	19866
2015-08-28 5 129	13617
2015-08-28 5 131	16443
2015-08-28 5 133	20359
2015-08-28 5 135	51886
2015-08-28 5 137	43875
2015-08-28 5 139	19864
2015-08-28 5 141	35379
2015-08-28 5 143	20235
2015-08-28 5 145	21044
2015-08-28 5 147	26563
2015-08-28 5 149	17304
2015-08-28 5 151	15950
2015-08-28 5 153	17740
2015-08-28 5 155	42134
2015-08-28 5 157	471
2015-08-28 5 159	22946
2015-08-29 6 121	30460
2015-08-29 6 123	9976
2015-08-29 6 125	21020
2015-08-29 6 127	19746
2015-08-29 6 129	13409
2015-08-29 6 131	14810
2015-08-29 6 133	19477
2015-08-29 6 135	55479
2015-08-29 6 137	60646
2015-08-29 6 139	23578
2015-08-29 6 141	32354
2015-08-29 6 143	19517
2015-08-29 6 145	17745
2015-08-29 6 147	20269
2015-08-29 6 149	15542
2015-08-29 6 151	10101
2015-08-29 6 153	17529
2015-08-29 6 155	43662
2015-08-29 6 157	487
2015-08-29 6 159	31688
2015-08-30 7 121	32214
2015-08-30 7 123	10104
2015-08-30 7 125	20423
2015-08-30 7 127	18648
2015-08-30 7 129	12966
2015-08-30 7 131	14015
2015-08-30 7 133	17486
2015-08-30 7 135	57046
2015-08-30 7 137	62474
2015-08-30 7 139	19223
2015-08-30 7 141	30367
2015-08-30 7 143	16595
2015-08-30 7 145	15829
2015-08-30 7 147	16263
2015-08-30 7 149	13723
2015-08-30 7 151	9255
2015-08-30 7 153	16498
2015-08-30 7 155	43327
2015-08-30 7 157	564
2015-08-30 7 159	33428
2015-08-31 1 121	26042
2015-08-31 1 123	9779
2015-08-31 1 125	20905
2015-08-31 1 127	18634
2015-08-31 1 129	13045
2015-08-31 1 131	15690
2015-08-31 1 133	19898
2015-08-31 1 135	44107
2015-08-31 1 137	42945
2015-08-31 1 139	18879
2015-08-31 1 141	32663
2015-08-31 1 143	19089
2015-08-31 1 145	20594
2015-08-31 1 147	23784
2015-08-31 1 149	16133
2015-08-31 1 151	15874
2015-08-31 1 153	17764
2015-08-31 1 155	35743
2015-08-31 1 157	563
2015-08-31 1 159	22113
