2015-09-01 2 121	23957
2015-09-01 2 123	9386
2015-09-01 2 125	20338
2015-09-01 2 127	18993
2015-09-01 2 129	13430
2015-09-01 2 131	15451
2015-09-01 2 133	19610
2015-09-01 2 135	42363
2015-09-01 2 137	45566
2015-09-01 2 139	18318
2015-09-01 2 141	32380
2015-09-01 2 143	18664
2015-09-01 2 145	20885
2015-09-01 2 147	24023
2015-09-01 2 149	16628
2015-09-01 2 151	15282
2015-09-01 2 153	18044
2015-09-01 2 155	35438
2015-09-01 2 157	574
2015-09-01 2 159	22954
2015-09-02 3 121	28528
2015-09-02 3 123	11703
2015-09-02 3 125	24442
2015-09-02 3 127	21776
2015-09-02 3 129	14843
2015-09-02 3 131	18204
2015-09-02 3 133	22234
2015-09-02 3 135	59336
2015-09-02 3 137	53131
2015-09-02 3 139	21261
2015-09-02 3 141	39355
2015-09-02 3 143	21967
2015-09-02 3 145	23339
2015-09-02 3 147	25933
2015-09-02 3 149	19485
2015-09-02 3 151	16647
2015-09-02 3 153	20461
2015-09-02 3 155	48734
2015-09-02 3 157	690
2015-09-02 3 159	30305
2015-09-03 4 121	31007
2015-09-03 4 123	8762
2015-09-03 4 125	20807
2015-09-03 4 127	17277
2015-09-03 4 129	11272
2015-09-03 4 131	11475
2015-09-03 4 133	16992
2015-09-03 4 135	52515
2015-09-03 4 137	75343
2015-09-03 4 139	19666
2015-09-03 4 141	29187
2015-09-03 4 143	15445
2015-09-03 4 145	14691
2015-09-03 4 147	14187
2015-09-03 4 149	12779
2015-09-03 4 151	8084
2015-09-03 4 153	14414
2015-09-03 4 155	44451
2015-09-03 4 157	544
2015-09-03 4 159	37386
2015-09-04 5 121	25012
2015-09-04 5 123	7972
2015-09-04 5 125	17367
2015-09-04 5 127	16203
2015-09-04 5 129	9969
2015-09-04 5 131	11206
2015-09-04 5 133	16737
2015-09-04 5 135	48579
2015-09-04 5 137	61320
2015-09-04 5 139	21485
2015-09-04 5 141	24025
2015-09-04 5 143	14452
2015-09-04 5 145	13273
2015-09-04 5 147	12712
2015-09-04 5 149	11952
2015-09-04 5 151	7407
2015-09-04 5 153	12479
2015-09-04 5 155	36993
2015-09-04 5 157	430
2015-09-04 5 159	34265
2015-09-05 6 121	37187
2015-09-05 6 123	10903
2015-09-05 6 125	23239
2015-09-05 6 127	20677
2015-09-05 6 129	13140
2015-09-05 6 131	15327
2015-09-05 6 133	19810
2015-09-05 6 135	70358
2015-09-05 6 137	78271
2015-09-05 6 139	22138
2015-09-05 6 141	36302
2015-09-05 6 143	19302
2015-09-05 6 145	17534
2015-09-05 6 147	17007
2015-09-05 6 149	15348
2015-09-05 6 151	10035
2015-09-05 6 153	16279
2015-09-05 6 155	53517
2015-09-05 6 157	543
2015-09-05 6 159	62985
2015-09-06 7 121	28999
2015-09-06 7 123	10020
2015-09-06 7 125	22105
2015-09-06 7 127	19924
2015-09-06 7 129	13619
2015-09-06 7 131	16228
2015-09-06 7 133	19339
2015-09-06 7 135	57368
2015-09-06 7 137	61635
2015-09-06 7 139	18326
2015-09-06 7 141	35723
2015-09-06 7 143	19262
2015-09-06 7 145	20869
2015-09-06 7 147	23197
2015-09-06 7 149	16408
2015-09-06 7 151	14839
2015-09-06 7 153	18265
2015-09-06 7 155	42241
2015-09-06 7 157	629
2015-09-06 7 159	51155
2015-09-07 1 121	23372
2015-09-07 1 123	9524
2015-09-07 1 125	20541
2015-09-07 1 127	19012
2015-09-07 1 129	13684
2015-09-07 1 131	15339
2015-09-07 1 133	19434
2015-09-07 1 135	44688
2015-09-07 1 137	45080
2015-09-07 1 139	19229
2015-09-07 1 141	32604
2015-09-07 1 143	18770
2015-09-07 1 145	21016
2015-09-07 1 147	23334
2015-09-07 1 149	15925
2015-09-07 1 151	14811
2015-09-07 1 153	17241
2015-09-07 1 155	36344
2015-09-07 1 157	518
2015-09-07 1 159	28849
2015-09-08 2 121	21377
2015-09-08 2 123	9039
2015-09-08 2 125	19780
2015-09-08 2 127	18324
2015-09-08 2 129	12823
2015-09-08 2 131	15166
2015-09-08 2 133	19379
2015-09-08 2 135	40279
2015-09-08 2 137	44236
2015-09-08 2 139	18809
2015-09-08 2 141	32867
2015-09-08 2 143	18627
2015-09-08 2 145	20018
2015-09-08 2 147	23271
2015-09-08 2 149	16362
2015-09-08 2 151	15238
2015-09-08 2 153	16815
2015-09-08 2 155	34756
2015-09-08 2 157	539
2015-09-08 2 159	31201
2015-09-09 3 121	20954
2015-09-09 3 123	8984
2015-09-09 3 125	18949
2015-09-09 3 127	18376
2015-09-09 3 129	12904
2015-09-09 3 131	14832
2015-09-09 3 133	18977
2015-09-09 3 135	39125
2015-09-09 3 137	42026
2015-09-09 3 139	19526
2015-09-09 3 141	32979
2015-09-09 3 143	18603
2015-09-09 3 145	20001
2015-09-09 3 147	23464
2015-09-09 3 149	16102
2015-09-09 3 151	14580
2015-09-09 3 153	16561
2015-09-09 3 155	33279
2015-09-09 3 157	580
2015-09-09 3 159	28156
2015-09-10 4 121	21821
2015-09-10 4 123	9113
2015-09-10 4 125	19451
2015-09-10 4 127	18604
2015-09-10 4 129	13349
2015-09-10 4 131	15828
2015-09-10 4 133	19764
2015-09-10 4 135	43212
2015-09-10 4 137	45780
2015-09-10 4 139	19006
2015-09-10 4 141	33662
2015-09-10 4 143	19378
2015-09-10 4 145	20399
2015-09-10 4 147	26545
2015-09-10 4 149	16504
2015-09-10 4 151	15068
2015-09-10 4 153	17119
2015-09-10 4 155	35079
2015-09-10 4 157	477
2015-09-10 4 159	31505
2015-09-11 5 121	25826
2015-09-11 5 123	10669
2015-09-11 5 125	23338
2015-09-11 5 127	21106
2015-09-11 5 129	14667
2015-09-11 5 131	18583
2015-09-11 5 133	22509
2015-09-11 5 135	54881
2015-09-11 5 137	57146
2015-09-11 5 139	21480
2015-09-11 5 141	39867
2015-09-11 5 143	21795
2015-09-11 5 145	23232
2015-09-11 5 147	34926
2015-09-11 5 149	18488
2015-09-11 5 151	16920
2015-09-11 5 153	19028
2015-09-11 5 155	44114
2015-09-11 5 157	594
2015-09-11 5 159	46412
2015-09-12 6 121	33504
2015-09-12 6 123	11571
2015-09-12 6 125	23715
2015-09-12 6 127	23902
2015-09-12 6 129	16175
2015-09-12 6 131	17591
2015-09-12 6 133	22831
2015-09-12 6 135	57795
2015-09-12 6 137	89300
2015-09-12 6 139	28509
2015-09-12 6 141	39747
2015-09-12 6 143	22258
2015-09-12 6 145	21824
2015-09-12 6 147	37056
2015-09-12 6 149	17566
2015-09-12 6 151	11626
2015-09-12 6 153	18370
2015-09-12 6 155	41118
2015-09-12 6 157	568
2015-09-12 6 159	63316
2015-09-13 7 121	34782
2015-09-13 7 123	11219
2015-09-13 7 125	22110
2015-09-13 7 127	21747
2015-09-13 7 129	15493
2015-09-13 7 131	17429
2015-09-13 7 133	20562
2015-09-13 7 135	54565
2015-09-13 7 137	83443
2015-09-13 7 139	21991
2015-09-13 7 141	37911
2015-09-13 7 143	19791
2015-09-13 7 145	17702
2015-09-13 7 147	29170
2015-09-13 7 149	15884
2015-09-13 7 151	10575
2015-09-13 7 153	19465
2015-09-13 7 155	44355
2015-09-13 7 157	559
2015-09-13 7 159	53276
2015-09-14 1 121	23389
2015-09-14 1 123	9786
2015-09-14 1 125	20058
2015-09-14 1 127	19250
2015-09-14 1 129	13454
2015-09-14 1 131	15776
2015-09-14 1 133	20496
2015-09-14 1 135	40567
2015-09-14 1 137	43378
2015-09-14 1 139	18948
2015-09-14 1 141	33719
2015-09-14 1 143	19901
2015-09-14 1 145	21090
2015-09-14 1 147	26811
2015-09-14 1 149	16778
2015-09-14 1 151	15948
2015-09-14 1 153	17675
2015-09-14 1 155	34970
2015-09-14 1 157	536
2015-09-14 1 159	27528
2015-09-15 2 121	21960
2015-09-15 2 123	9139
2015-09-15 2 125	19495
2015-09-15 2 127	18814
2015-09-15 2 129	13063
2015-09-15 2 131	15338
2015-09-15 2 133	20089
2015-09-15 2 135	38453
2015-09-15 2 137	43842
2015-09-15 2 139	18927
2015-09-15 2 141	33025
2015-09-15 2 143	18730
2015-09-15 2 145	20294
2015-09-15 2 147	23624
2015-09-15 2 149	16166
2015-09-15 2 151	15212
2015-09-15 2 153	17043
2015-09-15 2 155	33418
2015-09-15 2 157	554
2015-09-15 2 159	27450
2015-09-16 3 121	21627
2015-09-16 3 123	9435
2015-09-16 3 125	19240
2015-09-16 3 127	18692
2015-09-16 3 129	13008
2015-09-16 3 131	15379
2015-09-16 3 133	19738
2015-09-16 3 135	37756
2015-09-16 3 137	42892
2015-09-16 3 139	19016
2015-09-16 3 141	32949
2015-09-16 3 143	19180
2015-09-16 3 145	20949
2015-09-16 3 147	23517
2015-09-16 3 149	16016
2015-09-16 3 151	15651
2015-09-16 3 153	16814
2015-09-16 3 155	33433
2015-09-16 3 157	505
2015-09-16 3 159	25839
2015-09-17 4 121	21331
2015-09-17 4 123	9414
2015-09-17 4 125	19164
2015-09-17 4 127	18591
2015-09-17 4 129	12830
2015-09-17 4 131	15743
2015-09-17 4 133	19646
2015-09-17 4 135	39471
2015-09-17 4 137	43415
2015-09-17 4 139	17570
2015-09-17 4 141	33519
2015-09-17 4 143	18828
2015-09-17 4 145	20492
2015-09-17 4 147	24274
2015-09-17 4 149	15800
2015-09-17 4 151	15456
2015-09-17 4 153	16982
2015-09-17 4 155	35242
2015-09-17 4 157	465
2015-09-17 4 159	28031
2015-09-18 5 121	25757
2015-09-18 5 123	11153
2015-09-18 5 125	22816
2015-09-18 5 127	22038
2015-09-18 5 129	14087
2015-09-18 5 131	17907
2015-09-18 5 133	22609
2015-09-18 5 135	54323
2015-09-18 5 137	50903
2015-09-18 5 139	20723
2015-09-18 5 141	39606
2015-09-18 5 143	21475
2015-09-18 5 145	22947
2015-09-18 5 147	30122
2015-09-18 5 149	17864
2015-09-18 5 151	16969
2015-09-18 5 153	18168
2015-09-18 5 155	45889
2015-09-18 5 157	588
2015-09-18 5 159	41964
2015-09-19 6 121	32402
2015-09-19 6 123	10794
2015-09-19 6 125	22709
2015-09-19 6 127	22171
2015-09-19 6 129	15037
2015-09-19 6 131	17071
2015-09-19 6 133	23240
2015-09-19 6 135	55223
2015-09-19 6 137	86053
2015-09-19 6 139	26289
2015-09-19 6 141	39443
2015-09-19 6 143	21406
2015-09-19 6 145	20354
2015-09-19 6 147	24013
2015-09-19 6 149	16770
2015-09-19 6 151	11782
2015-09-19 6 153	17857
2015-09-19 6 155	41227
2015-09-19 6 157	632
2015-09-19 6 159	59422
2015-09-20 7 121	35126
2015-09-20 7 123	11213
2015-09-20 7 125	22456
2015-09-20 7 127	21395
2015-09-20 7 129	14117
2015-09-20 7 131	16312
2015-09-20 7 133	21241
2015-09-20 7 135	59194
2015-09-20 7 137	77888
2015-09-20 7 139	21823
2015-09-20 7 141	37908
2015-09-20 7 143	20274
2015-09-20 7 145	19970
2015-09-20 7 147	19400
2015-09-20 7 149	15662
2015-09-20 7 151	10721
2015-09-20 7 153	17859
2015-09-20 7 155	46768
2015-09-20 7 157	578
2015-09-20 7 159	57144
2015-09-21 1 121	23426
2015-09-21 1 123	9659
2015-09-21 1 125	19659
2015-09-21 1 127	18778
2015-09-21 1 129	13406
2015-09-21 1 131	15887
2015-09-21 1 133	19981
2015-09-21 1 135	40378
2015-09-21 1 137	41241
2015-09-21 1 139	19167
2015-09-21 1 141	33818
2015-09-21 1 143	19792
2015-09-21 1 145	22032
2015-09-21 1 147	23290
2015-09-21 1 149	16486
2015-09-21 1 151	15749
2015-09-21 1 153	17109
2015-09-21 1 155	35843
2015-09-21 1 157	597
2015-09-21 1 159	27042
2015-09-22 2 121	20786
2015-09-22 2 123	8913
2015-09-22 2 125	18816
2015-09-22 2 127	18311
2015-09-22 2 129	13318
2015-09-22 2 131	16183
2015-09-22 2 133	18398
2015-09-22 2 135	37203
2015-09-22 2 137	37691
2015-09-22 2 139	17765
2015-09-22 2 141	31636
2015-09-22 2 143	18865
2015-09-22 2 145	20365
2015-09-22 2 147	22056
2015-09-22 2 149	15771
2015-09-22 2 151	15191
2015-09-22 2 153	15833
2015-09-22 2 155	33022
2015-09-22 2 157	599
2015-09-22 2 159	24267
2015-09-23 3 121	22985
2015-09-23 3 123	9071
2015-09-23 3 125	19673
2015-09-23 3 127	19033
2015-09-23 3 129	13724
2015-09-23 3 131	16740
2015-09-23 3 133	19792
2015-09-23 3 135	40268
2015-09-23 3 137	42080
2015-09-23 3 139	19672
2015-09-23 3 141	34701
2015-09-23 3 143	20428
2015-09-23 3 145	22179
2015-09-23 3 147	24464
2015-09-23 3 149	17708
2015-09-23 3 151	16234
2015-09-23 3 153	17646
2015-09-23 3 155	35019
2015-09-23 3 157	893
2015-09-23 3 159	26745
2015-09-24 4 121	22590
2015-09-24 4 123	9638
2015-09-24 4 125	19739
2015-09-24 4 127	19729
2015-09-24 4 129	13608
2015-09-24 4 131	16551
2015-09-24 4 133	19970
2015-09-24 4 135	43257
2015-09-24 4 137	43189
2015-09-24 4 139	19393
2015-09-24 4 141	35288
2015-09-24 4 143	20210
2015-09-24 4 145	22008
2015-09-24 4 147	24817
2015-09-24 4 149	16894
2015-09-24 4 151	15978
2015-09-24 4 153	17243
2015-09-24 4 155	35747
2015-09-24 4 157	575
2015-09-24 4 159	28396
2015-09-25 5 121	29567
2015-09-25 5 123	11986
2015-09-25 5 125	25106
2015-09-25 5 127	24125
2015-09-25 5 129	15502
2015-09-25 5 131	20029
2015-09-25 5 133	23971
2015-09-25 5 135	66363
2015-09-25 5 137	57628
2015-09-25 5 139	24046
2015-09-25 5 141	45043
2015-09-25 5 143	24293
2015-09-25 5 145	27614
2015-09-25 5 147	27513
2015-09-25 5 149	20367
2015-09-25 5 151	17836
2015-09-25 5 153	19815
2015-09-25 5 155	50538
2015-09-25 5 157	648
2015-09-25 5 159	47441
2015-09-26 6 121	35947
2015-09-26 6 123	11338
2015-09-26 6 125	24266
2015-09-26 6 127	23687
2015-09-26 6 129	14043
2015-09-26 6 131	16533
2015-09-26 6 133	22019
2015-09-26 6 135	68763
2015-09-26 6 137	93643
2015-09-26 6 139	26034
2015-09-26 6 141	39045
2015-09-26 6 143	21408
2015-09-26 6 145	18847
2015-09-26 6 147	19747
2015-09-26 6 149	15748
2015-09-26 6 151	10270
2015-09-26 6 153	17677
2015-09-26 6 155	49585
2015-09-26 6 157	658
2015-09-26 6 159	70649
2015-09-27 7 121	35388
2015-09-27 7 123	11259
2015-09-27 7 125	21588
2015-09-27 7 127	21534
2015-09-27 7 129	12947
2015-09-27 7 131	15298
2015-09-27 7 133	19079
2015-09-27 7 135	60049
2015-09-27 7 137	85259
2015-09-27 7 139	22296
2015-09-27 7 141	35078
2015-09-27 7 143	18704
2015-09-27 7 145	16353
2015-09-27 7 147	17920
2015-09-27 7 149	13569
2015-09-27 7 151	9140
2015-09-27 7 153	16929
2015-09-27 7 155	45445
2015-09-27 7 157	566
2015-09-27 7 159	66773
2015-09-28 1 121	25815
2015-09-28 1 123	9998
2015-09-28 1 125	20077
2015-09-28 1 127	19388
2015-09-28 1 129	13256
2015-09-28 1 131	15898
2015-09-28 1 133	19729
2015-09-28 1 135	45928
2015-09-28 1 137	41825
2015-09-28 1 139	19511
2015-09-28 1 141	33593
2015-09-28 1 143	19738
2015-09-28 1 145	20241
2015-09-28 1 147	23685
2015-09-28 1 149	16504
2015-09-28 1 151	15625
2015-09-28 1 153	17627
2015-09-28 1 155	38945
2015-09-28 1 157	482
2015-09-28 1 159	29905
2015-09-29 2 121	24421
2015-09-29 2 123	9564
2015-09-29 2 125	19969
2015-09-29 2 127	20100
2015-09-29 2 129	13247
2015-09-29 2 131	16077
2015-09-29 2 133	19792
2015-09-29 2 135	50961
2015-09-29 2 137	48104
2015-09-29 2 139	20211
2015-09-29 2 141	33163
2015-09-29 2 143	19875
2015-09-29 2 145	20047
2015-09-29 2 147	23520
2015-09-29 2 149	16286
2015-09-29 2 151	15457
2015-09-29 2 153	17034
2015-09-29 2 155	40227
2015-09-29 2 157	513
2015-09-29 2 159	34595
2015-09-30 3 121	36567
2015-09-30 3 123	13724
2015-09-30 3 125	29356
2015-09-30 3 127	27299
2015-09-30 3 129	16106
2015-09-30 3 131	21006
2015-09-30 3 133	26670
2015-09-30 3 135	93644
2015-09-30 3 137	77351
2015-09-30 3 139	24263
2015-09-30 3 141	44796
2015-09-30 3 143	24591
2015-09-30 3 145	23656
2015-09-30 3 147	25899
2015-09-30 3 149	20317
2015-09-30 3 151	18027
2015-09-30 3 153	21325
2015-09-30 3 155	63910
2015-09-30 3 157	2043
2015-09-30 3 159	68126
