2015-10-01 4 121	34599
2015-10-01 4 123	10788
2015-10-01 4 125	25452
2015-10-01 4 127	22015
2015-10-01 4 129	13303
2015-10-01 4 131	13888
2015-10-01 4 133	17833
2015-10-01 4 135	77213
2015-10-01 4 137	93187
2015-10-01 4 139	22709
2015-10-01 4 141	33349
2015-10-01 4 143	18373
2015-10-01 4 145	15689
2015-10-01 4 147	14861
2015-10-01 4 149	14322
2015-10-01 4 151	9563
2015-10-01 4 153	14822
2015-10-01 4 155	61808
2015-10-01 4 157	1571
2015-10-01 4 159	55737
2015-10-02 5 121	28867
2015-10-02 5 123	8293
2015-10-02 5 125	19287
2015-10-02 5 127	17537
2015-10-02 5 129	11908
2015-10-02 5 131	12298
2015-10-02 5 133	14721
2015-10-02 5 135	55837
2015-10-02 5 137	70867
2015-10-02 5 139	20686
2015-10-02 5 141	28604
2015-10-02 5 143	15122
2015-10-02 5 145	12421
2015-10-02 5 147	14569
2015-10-02 5 149	11490
2015-10-02 5 151	8078
2015-10-02 5 153	12133
2015-10-02 5 155	46980
2015-10-02 5 157	523
2015-10-02 5 159	36645
2015-10-03 6 121	28247
2015-10-03 6 123	7845
2015-10-03 6 125	17809
2015-10-03 6 127	16255
2015-10-03 6 129	11367
2015-10-03 6 131	11873
2015-10-03 6 133	14002
2015-10-03 6 135	49258
2015-10-03 6 137	66859
2015-10-03 6 139	18892
2015-10-03 6 141	27529
2015-10-03 6 143	14377
2015-10-03 6 145	11320
2015-10-03 6 147	14998
2015-10-03 6 149	11167
2015-10-03 6 151	7856
2015-10-03 6 153	11768
2015-10-03 6 155	43086
2015-10-03 6 157	482
2015-10-03 6 159	32804
2015-10-04 7 121	29156
2015-10-04 7 123	8503
2015-10-04 7 125	18168
2015-10-04 7 127	16592
2015-10-04 7 129	11128
2015-10-04 7 131	11955
2015-10-04 7 133	14977
2015-10-04 7 135	50772
2015-10-04 7 137	64482
2015-10-04 7 139	17541
2015-10-04 7 141	27267
2015-10-04 7 143	14323
2015-10-04 7 145	11861
2015-10-04 7 147	14645
2015-10-04 7 149	11085
2015-10-04 7 151	7909
2015-10-04 7 153	13352
2015-10-04 7 155	45482
2015-10-04 7 157	504
2015-10-04 7 159	30256
2015-10-05 1 121	29658
2015-10-05 1 123	8699
2015-10-05 1 125	18402
2015-10-05 1 127	16771
2015-10-05 1 129	11476
2015-10-05 1 131	12044
2015-10-05 1 133	16431
2015-10-05 1 135	55455
2015-10-05 1 137	65116
2015-10-05 1 139	19707
2015-10-05 1 141	28952
2015-10-05 1 143	15602
2015-10-05 1 145	13203
2015-10-05 1 147	14868
2015-10-05 1 149	11542
2015-10-05 1 151	7980
2015-10-05 1 153	13276
2015-10-05 1 155	45379
2015-10-05 1 157	558
2015-10-05 1 159	36245
2015-10-06 2 121	32350
2015-10-06 2 123	9153
2015-10-06 2 125	19779
2015-10-06 2 127	18389
2015-10-06 2 129	11414
2015-10-06 2 131	12495
2015-10-06 2 133	16581
2015-10-06 2 135	70975
2015-10-06 2 137	69686
2015-10-06 2 139	20451
2015-10-06 2 141	30090
2015-10-06 2 143	16212
2015-10-06 2 145	14295
2015-10-06 2 147	13632
2015-10-06 2 149	12411
2015-10-06 2 151	8911
2015-10-06 2 153	13380
2015-10-06 2 155	49275
2015-10-06 2 157	569
2015-10-06 2 159	53759
2015-10-07 3 121	41215
2015-10-07 3 123	12043
2015-10-07 3 125	23448
2015-10-07 3 127	22619
2015-10-07 3 129	13437
2015-10-07 3 131	16662
2015-10-07 3 133	20241
2015-10-07 3 135	88853
2015-10-07 3 137	81608
2015-10-07 3 139	22636
2015-10-07 3 141	36657
2015-10-07 3 143	20088
2015-10-07 3 145	17240
2015-10-07 3 147	14981
2015-10-07 3 149	14658
2015-10-07 3 151	10868
2015-10-07 3 153	15957
2015-10-07 3 155	58632
2015-10-07 3 157	611
2015-10-07 3 159	90127
2015-10-08 4 121	26225
2015-10-08 4 123	10132
2015-10-08 4 125	21149
2015-10-08 4 127	19953
2015-10-08 4 129	13630
2015-10-08 4 131	16255
2015-10-08 4 133	19313
2015-10-08 4 135	51608
2015-10-08 4 137	45305
2015-10-08 4 139	18616
2015-10-08 4 141	33442
2015-10-08 4 143	20830
2015-10-08 4 145	20474
2015-10-08 4 147	24018
2015-10-08 4 149	16081
2015-10-08 4 151	15560
2015-10-08 4 153	17692
2015-10-08 4 155	37613
2015-10-08 4 157	767
2015-10-08 4 159	33463
2015-10-09 5 121	25214
2015-10-09 5 123	9898
2015-10-09 5 125	20264
2015-10-09 5 127	20130
2015-10-09 5 129	13792
2015-10-09 5 131	16107
2015-10-09 5 133	19771
2015-10-09 5 135	44835
2015-10-09 5 137	49627
2015-10-09 5 139	20394
2015-10-09 5 141	34655
2015-10-09 5 143	21839
2015-10-09 5 145	20385
2015-10-09 5 147	26219
2015-10-09 5 149	16428
2015-10-09 5 151	15666
2015-10-09 5 153	17842
2015-10-09 5 155	35721
2015-10-09 5 157	499
2015-10-09 5 159	31542
2015-10-10 6 121	33341
2015-10-10 6 123	11568
2015-10-10 6 125	23395
2015-10-10 6 127	22999
2015-10-10 6 129	15260
2015-10-10 6 131	18552
2015-10-10 6 133	22052
2015-10-10 6 135	50152
2015-10-10 6 137	66357
2015-10-10 6 139	22860
2015-10-10 6 141	38322
2015-10-10 6 143	24126
2015-10-10 6 145	22007
2015-10-10 6 147	34990
2015-10-10 6 149	18162
2015-10-10 6 151	16019
2015-10-10 6 153	20190
2015-10-10 6 155	37587
2015-10-10 6 157	625
2015-10-10 6 159	43517
2015-10-11 7 121	35280
2015-10-11 7 123	11729
2015-10-11 7 125	23167
2015-10-11 7 127	23588
2015-10-11 7 129	15079
2015-10-11 7 131	18179
2015-10-11 7 133	21808
2015-10-11 7 135	51569
2015-10-11 7 137	100787
2015-10-11 7 139	26104
2015-10-11 7 141	37742
2015-10-11 7 143	21670
2015-10-11 7 145	17610
2015-10-11 7 147	36278
2015-10-11 7 149	15629
2015-10-11 7 151	11270
2015-10-11 7 153	19538
2015-10-11 7 155	40349
2015-10-11 7 157	992
2015-10-11 7 159	69892
2015-10-12 1 121	25546
2015-10-12 1 123	10216
2015-10-12 1 125	21265
2015-10-12 1 127	20637
2015-10-12 1 129	14840
2015-10-12 1 131	17376
2015-10-12 1 133	21375
2015-10-12 1 135	41678
2015-10-12 1 137	45189
2015-10-12 1 139	20381
2015-10-12 1 141	35310
2015-10-12 1 143	22209
2015-10-12 1 145	20983
2015-10-12 1 147	40588
2015-10-12 1 149	16494
2015-10-12 1 151	16139
2015-10-12 1 153	18610
2015-10-12 1 155	35254
2015-10-12 1 157	630
2015-10-12 1 159	26667
2015-10-13 2 121	23971
2015-10-13 2 123	10205
2015-10-13 2 125	20274
2015-10-13 2 127	20026
2015-10-13 2 129	14076
2015-10-13 2 131	16858
2015-10-13 2 133	20335
2015-10-13 2 135	39415
2015-10-13 2 137	43090
2015-10-13 2 139	19269
2015-10-13 2 141	33825
2015-10-13 2 143	21037
2015-10-13 2 145	20331
2015-10-13 2 147	40861
2015-10-13 2 149	16162
2015-10-13 2 151	15395
2015-10-13 2 153	17796
2015-10-13 2 155	32962
2015-10-13 2 157	507
2015-10-13 2 159	25538
2015-10-14 3 121	22502
2015-10-14 3 123	9531
2015-10-14 3 125	19051
2015-10-14 3 127	18589
2015-10-14 3 129	12953
2015-10-14 3 131	15616
2015-10-14 3 133	19965
2015-10-14 3 135	37104
2015-10-14 3 137	40900
2015-10-14 3 139	20077
2015-10-14 3 141	32616
2015-10-14 3 143	20335
2015-10-14 3 145	19874
2015-10-14 3 147	23780
2015-10-14 3 149	15623
2015-10-14 3 151	14954
2015-10-14 3 153	17412
2015-10-14 3 155	33753
2015-10-14 3 157	557
2015-10-14 3 159	25256
2015-10-15 4 121	22115
2015-10-15 4 123	9466
2015-10-15 4 125	19312
2015-10-15 4 127	19154
2015-10-15 4 129	13471
2015-10-15 4 131	16083
2015-10-15 4 133	20379
2015-10-15 4 135	39370
2015-10-15 4 137	43190
2015-10-15 4 139	18351
2015-10-15 4 141	33920
2015-10-15 4 143	20591
2015-10-15 4 145	19517
2015-10-15 4 147	24376
2015-10-15 4 149	16073
2015-10-15 4 151	15315
2015-10-15 4 153	17037
2015-10-15 4 155	35582
2015-10-15 4 157	513
2015-10-15 4 159	29727
2015-10-16 5 121	29630
2015-10-16 5 123	11759
2015-10-16 5 125	24167
2015-10-16 5 127	22946
2015-10-16 5 129	15507
2015-10-16 5 131	19388
2015-10-16 5 133	23886
2015-10-16 5 135	59498
2015-10-16 5 137	59388
2015-10-16 5 139	23294
2015-10-16 5 141	41677
2015-10-16 5 143	24712
2015-10-16 5 145	23280
2015-10-16 5 147	27485
2015-10-16 5 149	19061
2015-10-16 5 151	17750
2015-10-16 5 153	19679
2015-10-16 5 155	49238
2015-10-16 5 157	659
2015-10-16 5 159	49118
2015-10-17 6 121	35998
2015-10-17 6 123	11791
2015-10-17 6 125	24821
2015-10-17 6 127	25709
2015-10-17 6 129	15681
2015-10-17 6 131	19931
2015-10-17 6 133	25623
2015-10-17 6 135	58981
2015-10-17 6 137	100282
2015-10-17 6 139	29214
2015-10-17 6 141	44633
2015-10-17 6 143	24680
2015-10-17 6 145	19053
2015-10-17 6 147	29719
2015-10-17 6 149	16840
2015-10-17 6 151	11962
2015-10-17 6 153	19801
2015-10-17 6 155	43504
2015-10-17 6 157	976
2015-10-17 6 159	76288
2015-10-18 7 121	39405
2015-10-18 7 123	12082
2015-10-18 7 125	24609
2015-10-18 7 127	23635
2015-10-18 7 129	14945
2015-10-18 7 131	18240
2015-10-18 7 133	23225
2015-10-18 7 135	64803
2015-10-18 7 137	85980
2015-10-18 7 139	22440
2015-10-18 7 141	41475
2015-10-18 7 143	22702
2015-10-18 7 145	18439
2015-10-18 7 147	23866
2015-10-18 7 149	15966
2015-10-18 7 151	10691
2015-10-18 7 153	18939
2015-10-18 7 155	51734
2015-10-18 7 157	554
2015-10-18 7 159	66788
2015-10-19 1 121	26306
2015-10-19 1 123	10275
2015-10-19 1 125	20552
2015-10-19 1 127	19460
2015-10-19 1 129	14514
2015-10-19 1 131	16142
2015-10-19 1 133	21421
2015-10-19 1 135	44186
2015-10-19 1 137	45523
2015-10-19 1 139	19649
2015-10-19 1 141	34691
2015-10-19 1 143	22246
2015-10-19 1 145	20968
2015-10-19 1 147	25503
2015-10-19 1 149	16938
2015-10-19 1 151	16627
2015-10-19 1 153	18511
2015-10-19 1 155	37538
2015-10-19 1 157	722
2015-10-19 1 159	28763
2015-10-20 2 121	24077
2015-10-20 2 123	9952
2015-10-20 2 125	19945
2015-10-20 2 127	19078
2015-10-20 2 129	13795
2015-10-20 2 131	16179
2015-10-20 2 133	20619
2015-10-20 2 135	38962
2015-10-20 2 137	42435
2015-10-20 2 139	19057
2015-10-20 2 141	34059
2015-10-20 2 143	21167
2015-10-20 2 145	19638
2015-10-20 2 147	24447
2015-10-20 2 149	16387
2015-10-20 2 151	15617
2015-10-20 2 153	17610
2015-10-20 2 155	36396
2015-10-20 2 157	953
2015-10-20 2 159	25426
2015-10-21 3 121	23695
2015-10-21 3 123	10209
2015-10-21 3 125	19972
2015-10-21 3 127	19173
2015-10-21 3 129	13953
2015-10-21 3 131	15738
2015-10-21 3 133	20621
2015-10-21 3 135	39854
2015-10-21 3 137	42167
2015-10-21 3 139	19562
2015-10-21 3 141	34542
2015-10-21 3 143	20986
2015-10-21 3 145	20709
2015-10-21 3 147	23775
2015-10-21 3 149	16558
2015-10-21 3 151	16704
2015-10-21 3 153	17364
2015-10-21 3 155	35442
2015-10-21 3 157	621
2015-10-21 3 159	26668
2015-10-22 4 121	23631
2015-10-22 4 123	9790
2015-10-22 4 125	20038
2015-10-22 4 127	19204
2015-10-22 4 129	13992
2015-10-22 4 131	15783
2015-10-22 4 133	20660
2015-10-22 4 135	43153
2015-10-22 4 137	45518
2015-10-22 4 139	18941
2015-10-22 4 141	34850
2015-10-22 4 143	21857
2015-10-22 4 145	20868
2015-10-22 4 147	24817
2015-10-22 4 149	16230
2015-10-22 4 151	16272
2015-10-22 4 153	17351
2015-10-22 4 155	36151
2015-10-22 4 157	620
2015-10-22 4 159	29932
2015-10-23 5 121	31590
2015-10-23 5 123	12187
2015-10-23 5 125	25576
2015-10-23 5 127	24077
2015-10-23 5 129	16256
2015-10-23 5 131	19776
2015-10-23 5 133	25187
2015-10-23 5 135	65724
2015-10-23 5 137	62339
2015-10-23 5 139	23973
2015-10-23 5 141	44373
2015-10-23 5 143	26821
2015-10-23 5 145	24320
2015-10-23 5 147	31161
2015-10-23 5 149	19625
2015-10-23 5 151	18934
2015-10-23 5 153	20495
2015-10-23 5 155	52358
2015-10-23 5 157	707
2015-10-23 5 159	52196
2015-10-24 6 121	39337
2015-10-24 6 123	12520
2015-10-24 6 125	25077
2015-10-24 6 127	25360
2015-10-24 6 129	16599
2015-10-24 6 131	18740
2015-10-24 6 133	25170
2015-10-24 6 135	59883
2015-10-24 6 137	97213
2015-10-24 6 139	28532
2015-10-24 6 141	43165
2015-10-24 6 143	26031
2015-10-24 6 145	20745
2015-10-24 6 147	23417
2015-10-24 6 149	17385
2015-10-24 6 151	13354
2015-10-24 6 153	19382
2015-10-24 6 155	45392
2015-10-24 6 157	903
2015-10-24 6 159	71618
2015-10-25 7 121	35619
2015-10-25 7 123	11789
2015-10-25 7 125	22593
2015-10-25 7 127	21825
2015-10-25 7 129	13651
2015-10-25 7 131	14501
2015-10-25 7 133	20952
2015-10-25 7 135	66619
2015-10-25 7 137	75537
2015-10-25 7 139	21536
2015-10-25 7 141	35484
2015-10-25 7 143	20642
2015-10-25 7 145	16062
2015-10-25 7 147	15244
2015-10-25 7 149	14093
2015-10-25 7 151	9685
2015-10-25 7 153	16005
2015-10-25 7 155	48742
2015-10-25 7 157	551
2015-10-25 7 159	58210
2015-10-26 1 121	25896
2015-10-26 1 123	11036
2015-10-26 1 125	21127
2015-10-26 1 127	20482
2015-10-26 1 129	14717
2015-10-26 1 131	16208
2015-10-26 1 133	21283
2015-10-26 1 135	43081
2015-10-26 1 137	46558
2015-10-26 1 139	19940
2015-10-26 1 141	34907
2015-10-26 1 143	22997
2015-10-26 1 145	21671
2015-10-26 1 147	24837
2015-10-26 1 149	16432
2015-10-26 1 151	16501
2015-10-26 1 153	18302
2015-10-26 1 155	35971
2015-10-26 1 157	594
2015-10-26 1 159	27043
2015-10-27 2 121	25286
2015-10-27 2 123	10139
2015-10-27 2 125	20820
2015-10-27 2 127	20254
2015-10-27 2 129	14553
2015-10-27 2 131	16353
2015-10-27 2 133	20787
2015-10-27 2 135	38993
2015-10-27 2 137	49131
2015-10-27 2 139	20248
2015-10-27 2 141	34932
2015-10-27 2 143	22328
2015-10-27 2 145	20951
2015-10-27 2 147	27954
2015-10-27 2 149	17219
2015-10-27 2 151	16697
2015-10-27 2 153	18060
2015-10-27 2 155	34649
2015-10-27 2 157	530
2015-10-27 2 159	27311
2015-10-28 3 121	24331
2015-10-28 3 123	10304
2015-10-28 3 125	20151
2015-10-28 3 127	19892
2015-10-28 3 129	15092
2015-10-28 3 131	16323
2015-10-28 3 133	21275
2015-10-28 3 135	40573
2015-10-28 3 137	45844
2015-10-28 3 139	20671
2015-10-28 3 141	34551
2015-10-28 3 143	22989
2015-10-28 3 145	20666
2015-10-28 3 147	31681
2015-10-28 3 149	17326
2015-10-28 3 151	16765
2015-10-28 3 153	17699
2015-10-28 3 155	35433
2015-10-28 3 157	554
2015-10-28 3 159	27471
2015-10-29 4 121	23880
2015-10-29 4 123	10358
2015-10-29 4 125	20892
2015-10-29 4 127	20172
2015-10-29 4 129	14195
2015-10-29 4 131	16270
2015-10-29 4 133	20234
2015-10-29 4 135	40549
2015-10-29 4 137	45678
2015-10-29 4 139	19729
2015-10-29 4 141	34814
2015-10-29 4 143	22080
2015-10-29 4 145	20220
2015-10-29 4 147	26938
2015-10-29 4 149	16481
2015-10-29 4 151	16262
2015-10-29 4 153	17624
2015-10-29 4 155	35818
2015-10-29 4 157	597
2015-10-29 4 159	28590
2015-10-30 5 121	30357
2015-10-30 5 123	12529
2015-10-30 5 125	25465
2015-10-30 5 127	23994
2015-10-30 5 129	15958
2015-10-30 5 131	19592
2015-10-30 5 133	24299
2015-10-30 5 135	62841
2015-10-30 5 137	58879
2015-10-30 5 139	23495
2015-10-30 5 141	42687
2015-10-30 5 143	25110
2015-10-30 5 145	22223
2015-10-30 5 147	28576
2015-10-30 5 149	18839
2015-10-30 5 151	18130
2015-10-30 5 153	19550
2015-10-30 5 155	48958
2015-10-30 5 157	555
2015-10-30 5 159	50314
2015-10-31 6 121	34321
2015-10-31 6 123	12496
2015-10-31 6 125	25100
2015-10-31 6 127	25238
2015-10-31 6 129	15317
2015-10-31 6 131	17790
2015-10-31 6 133	24695
2015-10-31 6 135	57484
2015-10-31 6 137	96164
2015-10-31 6 139	28588
2015-10-31 6 141	41325
2015-10-31 6 143	24968
2015-10-31 6 145	18794
2015-10-31 6 147	19900
2015-10-31 6 149	16387
2015-10-31 6 151	12612
2015-10-31 6 153	18479
2015-10-31 6 155	43181
2015-10-31 6 157	772
2015-10-31 6 159	69917
